0.0 0.453125 0.6778846153846154 0.5552884615384616 0.6622596153846154 0.5456730769230769 0.29086538461538464 0.6574519230769231
0.453125 0.0 0.5817307692307693 0.3088942307692308 0.4735576923076923 0.3088942307692308 0.3233173076923077 0.5733173076923077
0.6778846153846154 0.5817307692307693 0.0 0.4879807692307692 0.3389423076923077 0.6274038461538461 0.6418269230769231 0.5288461538461539
0.5552884615384616 0.3088942307692308 0.4879807692307692 0.0 0.30649038461538464 0.47475961538461536 0.48677884615384615 0.47475961538461536
0.6622596153846154 0.4735576923076923 0.3389423076923077 0.30649038461538464 0.0 0.578125 0.5925480769230769 0.33052884615384615
0.5456730769230769 0.3088942307692308 0.6274038461538461 0.47475961538461536 0.578125 0.0 0.47115384615384615 0.6514423076923077
0.29086538461538464 0.3233173076923077 0.6418269230769231 0.48677884615384615 0.5925480769230769 0.47115384615384615 0.0 0.6141826923076923
0.6574519230769231 0.5733173076923077 0.5288461538461539 0.47475961538461536 0.33052884615384615 0.6514423076923077 0.6141826923076923 0.0
